Total computation time is 0.000169 seconds.
Result C :

 16.00	 16.00	 16.00	 16.00	 16.00	 16.00	 16.00	 16.00	
 16.00	 16.00	 16.00	 16.00	 16.00	 16.00	 16.00	 16.00	
 16.00	 16.00	 16.00	 16.00	 16.00	 16.00	 16.00	 16.00	
 16.00	 16.00	 16.00	 16.00	 16.00	 16.00	 16.00	 16.00	
 16.00	 16.00	 16.00	 16.00	 16.00	 16.00	 16.00	 16.00	
 16.00	 16.00	 16.00	 16.00	 16.00	 16.00	 16.00	 16.00	
 16.00	 16.00	 16.00	 16.00	 16.00	 16.00	 16.00	 16.00	
 16.00	 16.00	 16.00	 16.00	 16.00	 16.00	 16.00	 16.00	
